end:
  position: [10.047254849341222, -6.089669869275802, 2.926976474130427]
  velocity: [0, 0, 0]
end_free: true
gates: [5.9385687822656745, 2.801756288219684, 7.950513771300919]
gates_orientations: [20.1, -20, -126, -180]
gates_pitch_orientations: [11.1, 0, 0, 0]
max_yaw_pitch_ang: 10
precision_yaw_pitch_ang: 10
start:
  position: [1.8251498223433913, 12.085851213309631, 13.49774371434684]
  velocity: [0, 0, 0]
